0 633 0.25
0 1862 0.2236068
0 2582 0.25
1 2 0.20412414
1 652 0.28867513
1 654 0.35355338
2 1 0.20412414
2 332 0.16666666
2 1454 0.28867513
2 1666 0.15430336
2 1986 0.05025189
3 2544 0.49999997
4 1016 0.16666666
4 1256 0.13608277
4 1761 0.14433756
4 2175 0.16666666
4 2176 0.13608277
5 1629 0.25
5 1659 0.28867513
5 2546 0.2236068
6 373 0.2236068
6 1042 0.09128709
6 1416 0.10259783
6 1602 0.13483997
7 208 0.49999997
8 269 0.20412414
8 281 0.16666667
8 1996 0.20412414
9 723 0.3333333
9 2614 0.23570225
10 476 0.23570225
10 2545 0.40824828
11 1655 0.16012815
11 1839 0.2182179
12 1001 0.2581989
12 1318 0.2236068
12 2661 0.2581989
12 2662 0.2236068
13 1701 0.06666666
13 1810 0.0860663
14 158 0.18257418
14 2034 0.06375767
14 2075 0.13608277
14 2077 0.15430336
14 2668 0.16666666
15 1090 0.15811388
15 1093 0.16903086
15 1271 0.18257418
15 2367 0.11547005
16 970 0.18257418
16 1632 0.2236068
16 2444 0.16903086
16 2642 0.19999999
17 24 0.14433756
17 927 0.20412414
17 1315 0.23570225
17 1316 0.18257418
17 2140 0.16666666
18 139 0.13608277
18 1560 0.20412414
18 1786 0.20412414
18 2082 0.23570225
18 2145 0.18257418
19 1939 0.40824828
20 1072 0.073323555
20 2269 0.14433756
20 2270 0.15430336
20 2374 0.28867513
20 2375 0.18257418
21 1043 0.3333333
21 2310 0.3333333
22 39 0.14433756
22 1234 0.18257418
22 1702 0.12309149
22 1703 0.096225046
22 2238 0.11785112
23 2159 0.35355338
24 17 0.14433756
24 201 0.12499999
24 598 0.06063391
24 1636 0.14433756
24 1701 0.040824827
24 2139 0.15811388
24 2141 0.15811388
25 1301 0.16903086
25 1344 0.18257418
25 2011 0.2236068
25 2317 0.2236068
26 99 0.15430336
26 122 0.18257418
26 123 0.18257418
26 2454 0.20412414
26 2455 0.18257418
27 606 0.16903086
27 1810 0.06666667
27 2360 0.19999999
27 2578 0.2581989
28 1687 0.31622776
29 963 0.12909944
29 2645 0.2581989
30 697 0.2182179
30 738 0.15430336
30 1358 0.029074194
30 1416 0.086711004
30 2162 0.15430336
30 2343 0.2182179
31 1594 0.49999997
32 279 0.12403473
32 518 0.19999999
32 1850 0.19999999
32 1973 0.1118034
33 286 0.15811388
33 588 0.14142135
33 698 0.12909944
33 911 0.12909944
33 1051 0.11952287
33 2040 0.14142135
33 2119 0.18257418
33 2120 0.12909944
33 2121 0.15811388
34 1358 0.05439283
35 895 0.20412414
35 1296 0.16666667
35 1913 0.2236068
36 1146 0.1490712
36 1505 0.089087084
36 1552 0.13608277
36 1640 0.16666667
36 1781 0.13608277
36 2094 0.12598817
36 2106 0.19245009
36 2107 0.1490712
37 60 0.25
37 1190 0.25
37 2427 0.25
38 429 0.10846523
38 862 0.2581989
38 863 0.18257418
38 1160 0.16903086
39 22 0.14433756
39 1349 0.15811388
39 1522 0.17677669
39 1532 0.20412414
39 1634 0.13363063
39 1965 0.20412414
39 2357 0.14433756
40 507 0.114707865
40 866 0.28867513
40 1364 0.35355338
41 175 0.15811388
41 596 0.16903086
41 644 0.16903086
41 1914 0.07905694
42 87 0.28867513
42 1372 0.3333333
43 152 0.16903086
43 963 0.08451543
43 1530 0.15430336
43 1653 0.15430336
43 2399 0.15430336
43 2400 0.2182179
44 1582 0.35355338
44 2624 0.28867513
44 2701 0.28867513
45 733 0.06900656
45 1219 0.18898225
45 1986 0.04652421
45 2303 0.18898225
45 2667 0.14285716
45 2668 0.15430336
46 1604 0.2581989
46 2366 0.28867513
47 163 0.40824828
47 1579 0.23570225
48 598 0.054232616
48 714 0.15811388
48 1031 0.15811388
48 1662 0.14142135
48 1666 0.11952287
48 2041 0.14142135
48 2205 0.15811388
48 2206 0.15811388
48 2471 0.18257418
49 1666 0.2182179
49 2034 0.09016696
50 1441 0.14433756
51 457 0.16903086
51 710 0.16903086
51 1392 0.18898225
51 2213 0.18898225
51 2214 0.18898225
51 2215 0.16903086
52 1139 0.18257418
52 1467 0.23570225
52 2053 0.23570225
52 2172 0.16666666
52 2182 0.09128709
53 1103 0.11785114
53 1358 0.03846154
53 1739 0.15811388
54 401 0.2182179
54 767 0.2581989
55 60 0.13867505
55 210 0.0836242
55 323 0.1132277
55 651 0.09805807
55 771 0.12403473
55 787 0.13867505
55 815 0.10482849
55 1079 0.12403473
55 1156 0.12403473
55 1983 0.12403473
55 2020 0.16012815
55 2021 0.1132277
56 412 0.2236068
56 447 0.19999999
56 1616 0.14142135
56 1849 0.15811388
57 2418 0.26726127
58 1715 0.35355338
59 105 0.13483997
59 580 0.10050379
59 609 0.10050379
59 615 0.17407766
59 1067 0.10660036
59 1287 0.13483997
59 1358 0.02319318
59 1627 0.13483997
59 1725 0.07312725
59 2651 0.15075567
60 37 0.25
60 55 0.13867505
60 1527 0.16666667
61 1080 0.14433756
61 1309 0.09901475
61 1416 0.093658574
61 2162 0.16666666
61 2312 0.23570225
62 485 0.31622776
63 1322 0.40824828
64 1209 0.25
64 1737 0.18898225
64 2616 0.28867513
65 239 0.0805823
65 543 0.17407766
65 619 0.17407766
65 771 0.13483997
65 1156 0.13483997
65 1293 0.15075567
65 1628 0.07106691
65 2021 0.12309149
65 2418 0.11396059
65 2419 0.13483997
66 2631 0.49999997
67 282 0.28867513
67 540 0.20412414
67 2628 0.35355338
68 391 0.2236068
68 1358 0.03846154
68 1986 0.061545745
69 604 0.14433756
69 1013 0.059761427
69 1351 0.10660036
69 1914 0.062499996
69 1920 0.13363063
69 1926 0.12499999
69 2189 0.13363063
70 441 0.16666666
70 2184 0.3333333
71 206 0.28867513
71 1986 0.061545745
71 2691 0.28867513
72 1103 0.13608277
72 1358 0.04441156
73 449 0.12403473
73 558 0.1132277
73 797 0.1132277
73 876 0.10482849
73 1035 0.09805807
73 1136 0.12403473
73 1189 0.1132277
73 1214 0.10482849
73 1358 0.021334624
73 1723 0.1132277
73 1745 0.09805807
73 1751 0.12403473
74 544 0.10540926
74 586 0.12909944
74 1042 0.06454972
74 1118 0.14142135
74 1416 0.07254762
74 1517 0.18257418
74 2052 0.14142135
74 2155 0.0745356
74 2419 0.14142135
75 84 0.15430336
75 583 0.16903086
75 2222 0.16903086
75 2223 0.16903086
75 2224 0.12598817
75 2225 0.15430336
76 88 0.08219949
76 2018 0.17677669
76 2178 0.17677669
77 659 0.28867513
77 1803 0.2581989
78 1219 0.25
78 1329 0.25
78 1418 0.35355338
79 603 0.20412414
79 2097 0.2581989
80 257 0.2236068
80 1117 0.2236068
80 2049 0.28867513
81 347 0.19999999
81 423 0.18257418
81 527 0.2581989
81 2180 0.18257418
82 1138 0.28867513
82 1634 0.2182179
83 1520 0.2581989
83 2581 0.3333333
84 75 0.15430336
84 284 0.14433756
84 2223 0.18257418
84 2224 0.13608277
84 2226 0.20412414
85 1065 0.17677669
85 2487 0.35355338
85 2488 0.35355338
86 429 0.10846523
86 1336 0.1490712
86 2034 0.06984303
86 2295 0.18257418
87 42 0.28867513
87 842 0.2236068
87 2164 0.25
88 76 0.08219949
88 130 0.08219949
88 162 0.067115605
88 300 0.08219949
88 415 0.035049982
88 498 0.062136978
88 696 0.07352146
88 737 0.058123816
88 743 0.062136978
88 815 0.062136978
88 841 0.09491579
88 851 0.07352146
88 1174 0.062136978
88 1288 0.09491579
88 1309 0.039872613
88 1394 0.08219949
88 1494 0.08219949
88 1527 0.05479966
88 1658 0.09491579
88 1677 0.067115605
88 1713 0.07352146
88 1732 0.067115605
88 1741 0.07352146
88 1847 0.08219949
88 1882 0.067115605
88 1908 0.058123816
88 2010 0.07352146
88 2011 0.08219949
88 2012 0.09491579
88 2013 0.09491579
88 2014 0.09491579
88 2015 0.08219949
88 2016 0.067115605
88 2017 0.067115605
88 2178 0.058123816
88 2394 0.039872613
89 258 0.10660036
89 884 0.17407766
89 1087 0.17407766
89 1094 0.11396059
89 1157 0.13483997
89 1401 0.12309149
89 1530 0.12309149
89 1585 0.15075567
89 1653 0.12309149
89 2463 0.13483997
90 155 0.15811388
90 156 0.16903086
90 817 0.1490712
90 1358 0.034401048
91 330 0.18898225
91 1046 0.15430336
91 2001 0.09166986
91 2122 0.11396059
91 2123 0.14285716
91 2380 0.18898225
92 898 0.2581989
92 1836 0.3333333
93 550 0.31622776
93 950 0.2236068
93 1495 0.2236068
93 2151 0.2236068
94 195 0.16666666
94 586 0.11785112
94 675 0.16666666
94 733 0.052704625
94 934 0.16666666
94 1649 0.20412414
94 1966 0.08006407
94 2263 0.14433756
94 2355 0.14433756
94 2357 0.11785112
94 2490 0.16666666
95 334 0.10660036
95 456 0.06428243
95 693 0.08703882
95 734 0.05913124
95 736 0.06428243
95 861 0.09534626
95 1303 0.08703882
95 1535 0.080582306
95 1580 0.080582306
95 1602 0.06428243
95 1628 0.050251894
95 1838 0.09534626
95 2054 0.06741998
95 2074 0.09534626
95 2181 0.07106691
95 2182 0.04767313
95 2183 0.10660036
95 2197 0.080582306
95 2199 0.06428243
95 2200 0.10660036
95 2201 0.10660036
96 2217 0.28867513
97 661 0.14002801
97 1353 0.3333333
98 1521 0.40824828
99 26 0.15430336
99 122 0.16903086
99 123 0.16903086
99 2454 0.18898225
99 2455 0.16903086
99 2604 0.18898225
100 1602 0.17407766
100 2056 0.19245009
101 281 0.16666667
101 1358 0.03846154
101 1589 0.25
102 109 0.05802589
102 1251 0.13608277
102 1448 0.13608277
102 1561 0.19245009
102 1623 0.05083286
102 1871 0.1490712
102 1878 0.16666667
102 2256 0.19245009
103 139 0.12598817
103 306 0.04252433
103 484 0.13363063
103 608 0.15430336
103 1775 0.15430336
103 1790 0.18898225
104 401 0.16903086
104 864 0.2236068
104 1065 0.15811388
104 2210 0.2581989
105 59 0.13483997
105 1721 0.1490712
105 2476 0.15811388
105 2651 0.2236068
106 2461 0.49999997
107 541 0.16903086
107 971 0.2581989
107 1113 0.2581989
107 1650 0.19999999
108 1647 0.2236068
108 2157 0.20412414
108 2209 0.25
109 102 0.05802589
109 124 0.0710669
109 133 0.05504819
109 153 0.065795176
109 176 0.08703883
109 236 0.05025189
109 289 0.08703883
109 306 0.019585269
109 318 0.077849895
109 426 0.05802589
109 459 0.077849895
109 519 0.048280455
109 563 0.0710669
109 610 0.061545745
109 1045 0.0710669
109 1337 0.077849895
109 1346 0.077849895
109 1624 0.0410305
109 1661 0.077849895
109 1769 0.077849895
109 1772 0.05802589
109 1779 0.065795176
109 1785 0.0710669
109 1787 0.065795176
109 1789 0.0710669
109 1805 0.0710669
109 1998 0.05802589
109 2045 0.030303031
109 2092 0.12309149
109 2093 0.08703883
109 2094 0.065795176
109 2095 0.0710669
110 567 0.14433756
110 1161 0.28867513
110 1262 0.15430336
110 1599 0.15430336
110 2279 0.20412414
111 758 0.16903086
111 1169 0.07715168
111 1358 0.029074194
111 1762 0.16903086
111 2492 0.15430336
111 2643 0.26726127
112 306 0.050315462
112 487 0.12403473
112 1623 0.06819943
112 2080 0.13483997
113 540 0.20412414
113 747 0.2236068
113 1884 0.18898225
114 610 0.17677669
114 2288 0.25
114 2506 0.35355338
115 973 0.16666667
116 1076 0.40824828
116 1501 0.20412414
117 259 0.3333333
117 2537 0.3333333
118 255 0.099999994
118 388 0.1118034
118 446 0.1118034
118 454 0.06454972
118 554 0.1118034
118 581 0.08451543
118 842 0.099999994
118 1029 0.12909944
118 1343 0.07905694
118 1507 0.08451543
118 1538 0.0745356
118 1616 0.070710674
118 1690 0.12909944
118 1851 0.08451543
118 2010 0.099999994
118 2030 0.1118034
118 2112 0.08451543
118 2165 0.1118034
118 2166 0.12909944
119 379 0.14285716
119 646 0.26726127
119 1537 0.18898225
119 1549 0.18898225
119 1901 0.14285716
119 1959 0.15430336
120 483 0.18257418
120 514 0.16666666
120 816 0.14433756
120 1842 0.12309149
120 2405 0.14433756
121 589 0.15811388
121 802 0.20412414
121 980 0.15811388
121 1158 0.1118034
121 1910 0.20412414
121 2251 0.17677669
121 2252 0.17677669
122 26 0.18257418
122 99 0.16903086
122 2454 0.2236068
122 2455 0.19999999
123 26 0.18257418
123 99 0.16903086
123 2455 0.19999999
123 2604 0.2236068
124 109 0.0710669
124 306 0.04593152
124 1367 0.12309149
124 1622 0.18257418
124 2478 0.28867513
125 458 0.2182179
125 2363 0.3333333
126 236 0.10910895
126 306 0.04252433
126 1551 0.2182179
126 1623 0.057639048
126 2045 0.065795176
126 2079 0.18898225
127 2604 0.35355338
128 233 0.31622776
128 370 0.18257418
128 392 0.16903086
128 2270 0.16903086
129 441 0.16666666
129 701 0.2581989
130 88 0.08219949
130 1982 0.28867513
130 2017 0.20412414
131 834 0.2581989
131 2169 0.23570225
132 379 0.15430336
132 479 0.23570225
132 904 0.14433756
132 1022 0.13608277
132 1959 0.16666666
133 109 0.05504819
133 399 0.12909944
133 452 0.14142135
133 1623 0.04822428
133 1670 0.12909944
133 1777 0.12909944
133 1784 0.12909944
133 2045 0.05504819
133 2082 0.18257418
134 406 0.31622776
135 137 0.2236068
135 2095 0.20412414
135 2144 0.18898225
136 831 0.24999999
137 135 0.2236068
137 2144 0.16903086
137 2329 0.16903086
137 2504 0.2236068
138 236 0.14433756
138 306 0.056254398
138 1776 0.13867505
139 18 0.13608277
139 103 0.12598817
139 306 0.037502933
139 660 0.19245009
139 910 0.12598817
139 1623 0.05083286
139 1780 0.1490712
139 2045 0.05802589
140 582 0.2581989
140 623 0.2182179
141 740 0.25
141 1002 0.18898225
141 2034 0.07808688
142 456 0.12309149
142 525 0.10206207
142 1628 0.096225046
142 2049 0.23570225
142 2181 0.13608277
143 316 0.15075567
143 598 0.0857493
143 1701 0.057735022
144 145 0.16903086
144 213 0.19999999
144 1593 0.18257418
144 2192 0.19999999
145 144 0.16903086
145 213 0.16903086
145 537 0.15430336
145 1165 0.18898225
145 1593 0.15430336
145 2622 0.26726127
146 897 0.13608277
146 1468 0.20412414
146 1907 0.13608277
146 1927 0.10910894
146 2059 0.15430336
147 1519 0.20412414
147 1976 0.28867513
148 378 0.23570225
148 381 0.20412414
148 602 0.23570225
148 714 0.20412414
148 2518 0.14433756
149 1080 0.15811388
149 1416 0.10259783
149 1655 0.12403473
149 2025 0.12403473
150 310 0.11785114
150 914 0.28867513
150 1942 0.25
151 1986 0.055048186
151 2236 0.19999999
151 2238 0.12909944
151 2335 0.14142135
152 43 0.16903086
152 884 0.2581989
152 2238 0.12909944
152 2240 0.15811388
153 109 0.065795176
153 236 0.10910895
153 306 0.04252433
153 459 0.16903086
153 1623 0.057639048
153 2045 0.065795176
154 326 0.13867505
154 364 0.08006407
154 819 0.1132277
154 1238 0.16012815
154 1339 0.13867505
154 1358 0.021334624
154 1444 0.12403473
154 1568 0.12403473
154 1752 0.13867505
154 1753 0.13867505
154 1754 0.12403473
154 2525 0.16012815
155 90 0.15811388
155 156 0.13363063
155 817 0.11785113
155 1358 0.027196415
155 1689 0.20412414
155 1736 0.15811388
155 1763 0.14433756
156 90 0.16903086
156 155 0.13363063
156 817 0.12598817
156 1358 0.029074194
156 1689 0.2182179
156 1763 0.15430336
157 598 0.0766965
157 1701 0.051639773
157 1870 0.19999999
157 2493 0.19999999
158 14 0.18257418
158 180 0.13483997
158 1701 0.051639773
158 2034 0.06984303
159 180 0.17407766
159 2308 0.2581989
160 277 0.14433756
160 553 0.11785113
160 743 0.13363063
160 745 0.11785113
160 1986 0.04351941
160 2000 0.15811388
160 2009 0.14433756
161 842 0.2581989
161 2010 0.2581989
162 88 0.067115605
162 323 0.16666666
162 1174 0.15430336
162 1268 0.20412414
162 1667 0.20412414
163 47 0.40824828
164 210 0.17407766
164 211 0.23570225
165 598 0.0766965
165 1473 0.19999999
165 2706 0.19999999
165 2707 0.19999999
166 271 0.23570225
166 2617 0.40824828
167 168 0.2236068
167 1056 0.2581989
167 2437 0.2236068
167 2482 0.2581989
168 167 0.2236068
168 2437 0.25
168 2438 0.28867513
169 1994 0.3333333
169 2706 0.2581989
170 1067 0.20412414
170 1358 0.04441156
171 775 0.25
171 790 0.20412414
171 1548 0.28867513
172 240 0.16666666
172 512 0.16666666
172 756 0.11785112
172 1692 0.09128709
172 2187 0.18257418
173 687 0.1118034
173 1033 0.2236068
173 1358 0.034401048
173 1586 0.2236068
174 629 0.2236068
174 1358 0.034401048
174 1742 0.1118034
174 2334 0.2581989
175 41 0.15811388
175 596 0.13363063
175 955 0.17677669
175 1914 0.062499996
175 2135 0.17677669
175 2217 0.14433756
175 2388 0.13363063
176 109 0.08703883
176 231 0.15811388
176 973 0.11785114
177 726 0.2236068
177 1639 0.2236068
177 2679 0.18257418
177 2682 0.2581989
178 833 0.2236068
179 197 0.25
179 231 0.15811388
179 1986 0.061545745
180 158 0.13483997
180 159 0.17407766
180 775 0.15075567
180 790 0.12309149
180 791 0.15075567
180 1020 0.12309149
180 1807 0.12309149
180 2004 0.13483997
180 2037 0.17407766
180 2076 0.12309149
181 1013 0.07559289
181 1359 0.18257418
181 1464 0.14142135
181 1683 0.19999999
182 183 0.28867513
182 997 0.28867513
183 182 0.28867513
183 997 0.25
183 1837 0.2236068
184 520 0.49999997
185 297 0.23570225
185 2003 0.23570225
186 1228 0.18898225
186 1319 0.2182179
186 1536 0.16903086
186 1672 0.26726127
186 2580 0.16903086
186 2702 0.2182179
187 1208 0.49999997
188 1169 0.11785112
188 1727 0.28867513
189 564 0.2236068
189 1072 0.08032193
189 1262 0.16903086
189 1509 0.2581989
190 491 0.40824828
190 2135 0.28867513
191 382 0.18898225
191 608 0.15430336
191 1677 0.15430336
191 1791 0.16903086
191 1998 0.12598817
191 2385 0.13363063
192 2472 0.26726127
193 441 0.16666666
193 458 0.2182179
194 473 0.18257418
194 1050 0.12309149
194 1451 0.23570225
194 2564 0.16666666
194 2646 0.28867513
195 94 0.16666666
195 2424 0.3333333
196 429 0.12126782
196 442 0.16666667
196 2122 0.15075567
197 179 0.25
197 231 0.15811388
197 2412 0.25
198 1255 0.40824828
199 420 0.3333333
199 1869 0.17407766
200 1439 0.3333333
200 2676 0.3333333
201 24 0.12499999
201 297 0.14433756
201 570 0.20412414
201 598 0.06063391
201 1701 0.040824827
201 1986 0.04351941
201 2430 0.20412414
202 353 0.19999999
202 1173 0.2236068
202 1250 0.18257418
202 1345 0.2581989
203 854 0.14433756
203 857 0.16666666
203 963 0.09128709
203 1115 0.14433756
203 1869 0.12309149
204 415 0.15075567
205 1701 0.06666666
205 1869 0.17407766
206 71 0.28867513
206 2691 0.3333333
207 833 0.2236068
208 7 0.49999997
209 2681 0.28867513
210 55 0.0836242
210 164 0.17407766
210 1079 0.13483997
210 1614 0.15075567
210 1626 0.21320072
210 1671 0.11396059
210 1905 0.17407766
210 1906 0.12309149
210 1907 0.10050379
210 2309 0.10050379
211 164 0.23570225
211 356 0.16666666
211 1394 0.20412414
211 1908 0.14433756
211 1909 0.15430336
212 1290 0.35355338
213 144 0.19999999
213 145 0.16903086
213 1593 0.18257418
213 2192 0.19999999
214 2194 0.28867513
215 1701 0.057735022
215 1986 0.061545745
215 2045 0.08703883
216 1542 0.10369517
216 1701 0.06666666
217 243 0.20412414
217 2473 0.28867513
217 2474 0.28867513
218 482 0.09128709
218 733 0.052704625
218 781 0.16666666
218 792 0.11785112
218 1020 0.11785112
218 1348 0.12909944
218 1382 0.11785112
218 2076 0.11785112
218 2091 0.14433756
218 2119 0.16666666
218 2594 0.16666666
219 507 0.114707865
219 1413 0.1118034
219 1542 0.08980265
220 376 0.25
220 817 0.16666667
220 913 0.35355338
221 817 0.23570226
222 821 0.49999997
223 744 0.2236068
223 1154 0.14433756
223 1761 0.17677669
224 1810 0.0860663
224 2034 0.09016696
225 2255 0.49999997
226 1701 0.08164965
227 534 0.2581989
227 883 0.2581989
228 322 0.28867513
228 848 0.20412414
228 1358 0.031403713
228 1721 0.13608277
228 1871 0.18257418
229 1053 0.2581989
229 1405 0.19999999
229 1894 0.11547005
229 2118 0.2236068
230 549 0.18257418
230 577 0.1132277
230 1095 0.15430336
230 1217 0.23570225
230 1810 0.06085806
231 176 0.15811388
231 179 0.15811388
231 197 0.15811388
231 232 0.12909944
231 387 0.15811388
231 551 0.18257418
231 1701 0.036514834
231 1868 0.14142135
231 2217 0.12909944
232 231 0.12909944
232 869 0.16666666
232 1701 0.047140446
232 1864 0.18257418
232 1986 0.05025189
233 128 0.31622776
234 610 0.20412414
234 2591 0.3333333
235 1701 0.08164965
236 109 0.05025189
236 126 0.10910895
236 138 0.14433756
236 153 0.10910895
236 306 0.032478493
236 1072 0.051847585
236 1572 0.12909944
236 2045 0.05025189
236 2046 0.11785112
236 2078 0.12909944
236 2079 0.14433756
237 2539 0.31622776
238 1828 0.31622776
239 65 0.0805823
239 619 0.15430334
239 887 0.10910894
239 910 0.10101526
239 1069 0.18898223
239 1220 0.18898223
239 1274 0.18898223
239 1376 0.13363062
239 1759 0.119522855
239 1909 0.10101526
239 2021 0.10910894
239 2182 0.059761427
239 2418 0.10101526
240 172 0.16666666
240 512 0.16666666
240 756 0.11785112
240 1472 0.16666666
240 1692 0.09128709
241 1441 0.14433756
242 279 0.12403473
242 838 0.16903086
242 1131 0.09534626
242 2280 0.18257418
243 217 0.20412414
243 473 0.18257418
243 2474 0.23570225
243 2647 0.20412414
243 2648 0.20412414
244 565 0.12403473
244 1072 0.08032193
244 1358 0.034401048
244 1610 0.15811388
245 782 0.40824828
245 1162 0.3333333
246 936 0.18257418
246 1358 0.034401048
246 1687 0.19999999
246 2515 0.18257418
247 2583 0.49999997
248 1264 0.25
248 1531 0.2236068
248 1964 0.20412414
249 621 0.2236068
249 1884 0.18898225
249 1978 0.20412414
250 2429 0.49999997
251 253 0.17677669
251 507 0.08111071
251 812 0.14433756
251 1300 0.1118034
251 1413 0.07905694
251 1542 0.06350006
251 1933 0.15811388
252 711 0.14142135
252 973 0.105409265
252 1973 0.1118034
252 2485 0.16903086
253 251 0.17677669
253 507 0.114707865
253 1413 0.1118034
254 507 0.13245323
254 1211 0.3333333
255 118 0.099999994
255 1266 0.2236068
255 1343 0.15811388
255 2112 0.16903086
256 756 0.20412414
257 80 0.2236068
257 964 0.16903086
257 1388 0.16903086
257 2180 0.18257418
258 89 0.10660036
258 963 0.07905694
258 1094 0.13363063
258 1153 0.20412414
258 1240 0.13363063
258 1401 0.14433756
258 2645 0.15811388
259 117 0.3333333
259 2537 0.3333333
260 365 0.40824828
261 873 0.16903086
261 1479 0.19999999
261 1701 0.051639773
261 1894 0.11547005
262 1351 0.17407766
262 1464 0.18257418
263 364 0.14433756
263 732 0.20412414
263 1103 0.11785114
264 472 0.1490712
264 844 0.2236068
264 1826 0.1490712
264 1902 0.13483997
265 1441 0.14433756
266 578 0.19999999
266 809 0.18257418
266 2227 0.16903086
266 2229 0.2236068
267 670 0.28867513
267 2000 0.2236068
267 2373 0.35355338
268 1740 0.1490712
268 2451 0.16666666
269 8 0.20412414
269 321 0.20412414
269 418 0.28867513
269 2543 0.20412414
269 2551 0.28867513
270 279 0.1132277
270 838 0.15430336
270 1195 0.18257418
270 1215 0.18257418
270 2280 0.16666666
271 166 0.23570225
271 638 0.14433756
271 1970 0.20412414
271 2387 0.15430336
271 2498 0.20412414
272 2012 0.40824828
273 374 0.20412414
273 846 0.28867513
274 748 0.16666666
274 749 0.28867513
275 805 0.2581989
275 1967 0.3333333
276 1463 0.17677669
276 1695 0.25
276 2133 0.17677669
277 160 0.14433756
277 553 0.13608277
277 696 0.18257418
277 973 0.096225046
277 1869 0.12309149
278 1185 0.24999999
279 32 0.12403473
279 242 0.12403473
279 270 0.1132277
279 304 0.12403473
279 502 0.13867505
279 666 0.12403473
279 838 0.10482849
279 1195 0.12403473
279 2165 0.13867505
279 2280 0.1132277
279 2344 0.12403473
279 2423 0.12403473
280 1535 0.2182179
280 2155 0.13608277
281 8 0.16666667
281 101 0.16666667
281 746 0.16666667
281 1000 0.1490712
281 1347 0.19245009
281 1382 0.13608277
281 2244 0.19245009
281 2247 0.11785113
282 67 0.28867513
282 747 0.2581989
283 1559 0.3333333
283 2250 0.2581989
284 84 0.14433756
284 583 0.15811388
284 2222 0.15811388
284 2223 0.15811388
284 2224 0.11785113
284 2225 0.14433756
284 2226 0.17677669
285 502 0.28867513
285 1999 0.2581989
286 33 0.15811388
286 442 0.16666667
286 698 0.20412414
287 2705 0.49999997
288 618 0.40824828
289 109 0.08703883
289 1358 0.03846154
289 1722 0.25
290 328 0.20412414
290 567 0.14433756
290 687 0.10206207
290 1765 0.096225046
290 2359 0.11785112
291 1692 0.15811388
292 2562 0.40824828
293 2038 0.40824828
294 306 0.064956985
294 2047 0.3333333
295 1176 0.23570225
295 1177 0.2581989
296 732 0.23570225
296 2685 0.2581989
297 185 0.23570225
297 201 0.14433756
297 598 0.07001401
297 899 0.18257418
297 1542 0.073323555
298 607 0.25
298 1095 0.18898225
298 1325 0.18898225
299 1484 0.18257418
299 2383 0.12309149
299 2386 0.20412414
299 2387 0.15430336
299 2498 0.20412414
300 88 0.08219949
300 415 0.10660036
300 634 0.28867513
301 1169 0.11785112
301 2492 0.23570225
302 306 0.04593152
302 350 0.10540925
302 719 0.16666666
302 1158 0.12909944
302 1253 0.23570225
303 719 0.20412414
303 1670 0.20412414
303 2143 0.2236068
304 279 0.12403473
304 1172 0.2581989
304 1857 0.2236068
304 2423 0.19999999
305 1416 0.13245323
305 1927 0.15430334
306 103 0.04252433
306 109 0.019585269
306 112 0.050315462
306 124 0.04593152
306 126 0.04252433
306 138 0.056254398
306 139 0.037502933
306 153 0.04252433
306 236 0.032478493
306 294 0.064956985
306 302 0.04593152
306 308 0.04593152
306 329 0.056254398
306 350 0.029049646
306 417 0.04593152
306 426 0.037502933
306 452 0.050315462
306 476 0.04593152
306 487 0.031204326
306 519 0.031204326
306 542 0.050315462
306 554 0.056254398
306 573 0.04593152
306 581 0.04252433
306 608 0.04593152
306 655 0.056254398
306 656 0.056254398
306 719 0.04593152
306 887 0.04593152
306 910 0.04252433
306 958 0.056254398
306 973 0.02651858
306 1009 0.064956985
306 1045 0.04593152
306 1072 0.020207176
306 1158 0.035578404
306 1193 0.064956985
306 1245 0.04593152
306 1251 0.04593152
306 1346 0.050315462
306 1367 0.03392268
306 1483 0.023459705
306 1490 0.056254398
306 1551 0.064956985
306 1572 0.050315462
306 1584 0.056254398
306 1640 0.056254398
306 1651 0.056254398
306 1656 0.056254398
306 1705 0.039777867
306 1770 0.050315462
306 1771 0.056254398
306 1772 0.037502933
306 1775 0.04593152
306 1779 0.04252433
306 1781 0.04593152
306 1782 0.037502933
306 1787 0.04252433
306 1797 0.04593152
306 1798 0.037502933
306 1799 0.050315462
306 1802 0.056254398
306 1804 0.04593152
306 1805 0.04593152
306 1856 0.04593152
306 2045 0.019585269
306 2046 0.04593152
306 2048 0.056254398
306 2078 0.050315462
306 2080 0.03392268
306 2084 0.056254398
306 2085 0.04593152
306 2086 0.050315462
306 2087 0.064956985
306 2088 0.064956985
306 2089 0.056254398
306 2090 0.050315462
306 2091 0.056254398
307 991 0.49999997
308 306 0.04593152
308 350 0.10540925
308 1253 0.23570225
308 1670 0.16666666
308 2045 0.0710669
309 383 0.2236068
309 2268 0.18898225
309 2305 0.18898225
310 150 0.11785114
310 352 0.11785114
310 875 0.096225046
310 892 0.13608277
310 990 0.11785114
310 1241 0.11785114
310 1272 0.105409265
310 1331 0.11785114
310 1581 0.11785114
310 1815 0.11785114
310 1944 0.08908709
310 1945 0.08908709
310 1946 0.105409265
310 1947 0.105409265
310 1948 0.11785114
310 1949 0.13608277
310 1950 0.05892557
311 343 0.2581989
311 690 0.31622776
311 1132 0.31622776
311 1865 0.2236068
312 1610 0.17677669
312 1722 0.25
312 1740 0.12909944
313 2296 0.35355338
314 1623 0.08804509
314 2000 0.2581989
315 408 0.15430336
315 423 0.16666666
315 1602 0.12309149
315 1921 0.20412414
315 2232 0.20412414
316 143 0.15075567
316 598 0.051708773
316 766 0.12309149
316 845 0.15075567
316 920 0.17407766
316 1073 0.15075567
316 1297 0.15075567
316 1821 0.12309149
316 1868 0.13483997
316 2004 0.13483997
317 1624 0.13608277
317 1785 0.23570225
318 109 0.077849895
318 563 0.18257418
318 1701 0.051639773
318 2045 0.077849895
319 1205 0.35355338
320 348 0.2581989
320 1597 0.3333333
321 269 0.20412414
321 1083 0.2236068
321 1450 0.25
322 228 0.28867513
323 55 0.1132277
323 162 0.16666666
323 498 0.15430336
323 2020 0.23570225
323 2022 0.20412414
324 827 0.2236068
324 2156 0.2236068
324 2194 0.20412414
325 787 0.28867513
325 1848 0.20412414
326 154 0.13867505
326 1358 0.03846154
326 1754 0.2236068
327 928 0.20412414
327 1325 0.15430336
327 1996 0.16666666
327 2063 0.16666666
327 2064 0.23570225
328 290 0.20412414
328 951 0.28867513
328 1250 0.20412414
329 306 0.056254398
329 1798 0.16666667
329 2598 0.35355338
330 91 0.18898225
330 1505 0.13363062
330 2123 0.18898225
331 1527 0.19245009
331 2480 0.28867513
332 2 0.16666666
332 665 0.16666666
332 2003 0.16666666
332 2122 0.12309149
332 2615 0.23570225
333 1358 0.04441156
333 1694 0.40824828
334 95 0.10660036
334 693 0.20412414
334 1013 0.08451542
335 1701 0.06666666
335 1986 0.0710669
336 1944 0.2182179
336 1950 0.14433756
337 1214 0.16903086
337 1358 0.034401048
337 1499 0.19999999
337 1776 0.12403473
338 1413 0.1118034
338 1542 0.08980265
338 1934 0.28867513
339 813 0.40824828
340 584 0.23570225
340 2463 0.2581989
341 613 0.23570225
341 1358 0.031403713
341 1389 0.20412414
341 1546 0.16666666
341 2045 0.0710669
342 1072 0.10369517
342 1512 0.2581989
343 311 0.2581989
343 1701 0.06666666
344 389 0.13608277
344 441 0.11785112
344 661 0.09901475
344 854 0.14433756
344 2323 0.23570225
345 833 0.2236068
346 999 0.3333333
346 1358 0.04441156
347 81 0.19999999
347 408 0.16903086
347 423 0.18257418
347 525 0.1118034
348 320 0.2581989
348 1643 0.31622776
348 2248 0.11547005
348 2250 0.19999999
349 419 0.35355338
349 465 0.20412414
349 2427 0.25
350 302 0.10540925
350 306 0.029049646
350 308 0.10540925
350 406 0.11547005
350 656 0.12909944
350 1623 0.039374962
350 1640 0.12909944
350 1775 0.10540925
350 1778 0.09128709
350 1782 0.0860663
350 2084 0.12909944
350 2085 0.10540925
350 2089 0.12909944
350 2090 0.11547005
351 1810 0.10540926
352 310 0.11785114
352 1294 0.28867513
352 1944 0.18898225
353 202 0.19999999
353 1173 0.2236068
353 1345 0.2581989
353 2507 0.2236068
354 659 0.25
354 1803 0.2236068
354 2453 0.28867513
355 1668 0.40824828
356 211 0.16666666
356 498 0.15430336
356 1259 0.23570225
356 2018 0.14433756
356 2116 0.23570225
357 657 0.12403473
357 1154 0.12909944
357 1358 0.034401048
357 2652 0.2236068
358 2642 0.31622776
359 389 0.16666667
359 1483 0.1042572
359 1620 0.18898225
360 1409 0.23570225
360 1824 0.19245009
361 2681 0.28867513
362 1966 0.19611613
363 1003 0.28867513
364 154 0.08006407
364 263 0.14433756
364 732 0.11785112
364 819 0.11785112
364 970 0.11785112
364 1306 0.16666666
364 1358 0.02220578
364 1606 0.14433756
364 1632 0.14433756
364 1756 0.10910895
364 2642 0.12909944
365 260 0.40824828
365 2469 0.3333333
366 553 0.1490712
366 745 0.1490712
366 1583 0.13483997
366 1986 0.055048186
367 2083 0.17407766
367 2451 0.16666666
368 428 0.14433756
368 996 0.13363063
368 1194 0.17677669
368 1366 0.17677669
368 1545 0.20412414
368 2249 0.13363063
368 2393 0.20412414
369 385 0.28867513
369 2484 0.28867513
370 128 0.18257418
370 1408 0.16666666
370 1414 0.18257418
370 1415 0.16666666
370 2269 0.14433756
371 720 0.17677669
371 1354 0.15811388
371 1414 0.15811388
371 1415 0.14433756
371 1441 0.07216878
371 1553 0.15811388
371 2375 0.15811388
372 626 0.19999999
372 1710 0.18257418
372 1834 0.18257418
372 2377 0.31622776
373 6 0.2236068
373 1025 0.28867513
373 1042 0.10206207
374 273 0.20412414
374 413 0.24999999
374 846 0.17677669
374 1101 0.14433756
374 2146 0.12499999
374 2147 0.13363063
374 2149 0.24999999
375 963 0.099999994
375 2401 0.19999999
375 2434 0.18257418
375 2435 0.2581989
376 220 0.25
376 672 0.28867513
376 1583 0.15075567
377 678 0.2581989
377 733 0.08164965
377 1265 0.2236068
377 2291 0.14142135
378 148 0.23570225
378 602 0.3333333
379 119 0.14285716
379 132 0.15430336
379 904 0.13363063
379 1022 0.12598817
379 1898 0.16903086
379 1959 0.15430336
380 477 0.25
380 930 0.25
380 2569 0.25
381 148 0.20412414
381 2518 0.17677669
381 2538 0.20412414
382 191 0.18898225
382 1203 0.17677669
382 2034 0.07808688
383 309 0.2236068
383 733 0.08164965
383 1704 0.19999999
383 2268 0.16903086
384 1623 0.08804509
384 1624 0.13608277
385 369 0.28867513
385 2483 0.28867513
385 2484 0.25
386 2114 0.20412414
386 2115 0.25
386 2117 0.16666667
387 231 0.15811388
387 519 0.13867505
387 2191 0.35355338
388 118 0.1118034
388 1899 0.20412414
388 2497 0.25
389 344 0.13608277
389 359 0.16666667
389 704 0.11111112
389 905 0.1490712
389 1077 0.1490712
389 1483 0.069504805
389 1743 0.10540926
389 2450 0.09245004
390 1108 0.49999997
391 68 0.2236068
391 493 0.2236068
391 1986 0.055048186
391 2365 0.15811388
392 128 0.16903086
392 720 0.18898225
392 1415 0.15430336
392 1619 0.18898225
392 1825 0.16903086
392 2269 0.13363063
393 739 0.24999999
394 577 0.1132277
394 849 0.18257418
394 1063 0.20412414
394 1064 0.20412414
394 2351 0.15430336
395 640 0.18898225
395 1147 0.17677669
395 2367 0.12909944
396 1217 0.3333333
396 1988 0.3333333
397 665 0.18257418
397 879 0.2581989
397 1096 0.18257418
397 2329 0.16903086
398 730 0.40824828
398 2177 0.2581989
399 133 0.12909944
399 544 0.13608277
399 1089 0.18257418
399 1769 0.18257418
399 2107 0.18257418
400 1354 0.31622776
401 54 0.2182179
401 104 0.16903086
401 733 0.06900656
401 1065 0.13363063
401 1096 0.15430336
401 1160 0.14285716
402 507 0.08111071
402 776 0.17677669
402 1413 0.07905694
402 1542 0.06350006
402 1932 0.17677669
402 1936 0.14433756
402 1940 0.15811388
403 464 0.15811388
403 806 0.20412414
403 1037 0.17677669
403 1383 0.20412414
403 1742 0.088388346
403 2503 0.13363063
403 2654 0.17677669
404 1170 0.3333333
404 1476 0.3333333
405 738 0.18257418
405 1275 0.2581989
405 1927 0.119522855
405 2059 0.16903086
406 134 0.31622776
406 350 0.11547005
406 505 0.12909944
406 2505 0.31622776
407 409 0.19999999
407 695 0.14142135
407 1681 0.14142135
407 1682 0.13483997
408 315 0.15430336
408 347 0.16903086
408 525 0.094491124
408 734 0.10482849
408 1841 0.15430336
408 2056 0.12598817
409 407 0.19999999
409 1624 0.105409265
409 1681 0.14142135
409 2084 0.2236068
410 676 0.28867513
410 1179 0.3333333
411 1096 0.18257418
411 1488 0.19999999
411 1577 0.15811388
411 2609 0.2581989
412 56 0.2236068
412 1616 0.15811388
412 1849 0.17677669
413 374 0.24999999
414 711 0.2236068
415 88 0.035049982
415 204 0.15075567
415 300 0.10660036
415 525 0.05330018
415 593 0.10660036
415 737 0.07537784
415 818 0.12309149
415 851 0.09534626
415 966 0.15075567
415 1174 0.080582306
415 1309 0.051708773
415 1527 0.07106691
415 1644 0.12309149
415 1677 0.08703882
415 1843 0.12309149
415 1847 0.10660036
415 1850 0.09534626
415 1908 0.07537784
415 2014 0.12309149
415 2178 0.07537784
415 2182 0.04767313
416 519 0.16012815
416 1701 0.06666666
417 306 0.04593152
417 1072 0.073323555
417 1871 0.18257418
417 2034 0.06375767
417 2494 0.23570225
418 269 0.28867513
419 349 0.35355338
420 199 0.3333333
420 1869 0.17407766
421 2213 0.28867513
421 2216 0.20412414
422 545 0.49999997
423 81 0.18257418
423 315 0.16666666
423 347 0.18257418
423 525 0.10206207
423 527 0.23570225
424 436 0.13245323
424 1203 0.20412414
425 2466 0.28867513
426 109 0.05802589
426 306 0.037502933
426 487 0.09245004
426 1772 0.11111112
426 1777 0.13608277
426 1782 0.11111112
426 1789 0.13608277
426 1805 0.13608277
427 565 0.16012815
427 1528 0.23570225
428 368 0.14433756
428 996 0.15430336
428 1257 0.09901475
428 2248 0.10540925
428 2671 0.10540925
429 38 0.10846523
429 86 0.10846523
429 196 0.12126782
429 523 0.12126782
429 705 0.14002801
429 794 0.09901475
429 863 0.09901475
429 1493 0.1714986
429 1618 0.09901475
429 1669 0.10846523
429 1807 0.09901475
429 1889 0.0766965
429 2001 0.058823533
429 2041 0.10846523
429 2043 0.14002801
429 2044 0.14002801
430 2130 0.19611613
431 2694 0.3333333
431 2695 0.3333333
432 1442 0.3333333
432 1597 0.3333333
433 436 0.13245323
433 756 0.16666666
434 1117 0.18257418
434 1524 0.20412414
434 1693 0.16666666
434 2133 0.14433756
434 2408 0.23570225
435 486 0.2236068
435 733 0.09128709
435 1912 0.15075567
436 424 0.13245323
436 433 0.13245323
436 483 0.10259783
436 498 0.086711004
436 668 0.16222142
436 816 0.08111071
436 878 0.114707865
436 885 0.08111071
436 1039 0.114707865
436 1131 0.048911598
436 1332 0.114707865
436 1494 0.114707865
436 1977 0.13245323
436 1978 0.093658574
436 1979 0.093658574
436 1980 0.093658574
436 1981 0.114707865
436 1982 0.13245323
437 498 0.15430336
437 718 0.16666666
437 950 0.20412414
437 1495 0.20412414
437 1985 0.23570225
438 718 0.15430336
438 787 0.18898225
438 1667 0.18898225
438 1983 0.16903086
438 1984 0.15430336
438 1985 0.2182179
439 1169 0.11785112
439 1642 0.28867513
440 441 0.10910895
440 725 0.15430336
440 895 0.15430336
440 1296 0.12598817
440 1913 0.16903086
440 2179 0.26726127
441 70 0.16666666
441 129 0.16666666
441 193 0.16666666
441 344 0.11785112
441 440 0.10910895
441 454 0.08333333
441 671 0.12909944
441 1455 0.16666666
441 1537 0.14433756
441 2094 0.10910895
441 2184 0.16666666
442 196 0.16666667
442 286 0.16666667
442 588 0.1490712
442 627 0.1490712
442 698 0.13608277
442 1051 0.12598817
442 2120 0.13608277
442 2362 0.23570226
443 1010 0.2581989
443 1264 0.2236068
443 1531 0.19999999
443 1966 0.12403473
444 488 0.19245009
444 515 0.12598817
444 582 0.1490712
444 623 0.12598817
444 828 0.16666667
444 2289 0.1490712
444 2290 0.13608277
444 2464 0.09245004
445 909 0.40824828
445 1434 0.3333333
446 118 0.1118034
446 903 0.25
446 1507 0.18898225
447 56 0.19999999
447 1616 0.14142135
447 1849 0.15811388
447 2638 0.31622776
448 472 0.1490712
448 1824 0.1490712
448 1826 0.1490712
448 1902 0.13483997
449 73 0.12403473
449 1280 0.2581989
449 1834 0.18257418
449 2581 0.2581989
450 1569 0.28867513
450 2538 0.23570225
451 671 0.2236068
451 935 0.20412414
451 2285 0.2236068
452 133 0.14142135
452 306 0.050315462
452 1258 0.2236068
452 1623 0.06819943
453 1806 0.25
453 2305 0.18898225
453 2306 0.20412414
454 118 0.06454972
454 441 0.08333333
454 581 0.10910895
454 973 0.068041384
454 1441 0.05892556
454 1661 0.12909944
454 1917 0.14433756
454 2022 0.14433756
454 2188 0.20412414
454 2189 0.10910895
454 2190 0.16666666
455 1664 0.2236068
455 2147 0.18898225
455 2486 0.25
456 95 0.06428243
456 142 0.12309149
456 525 0.07537784
456 544 0.10050379
456 667 0.15075567
456 1580 0.11396059
456 2054 0.09534626
456 2199 0.09090909
456 2347 0.15075567
456 2472 0.11396059
457 51 0.16903086
457 1201 0.2236068
457 2215 0.19999999
457 2216 0.15811388
458 125 0.2182179
458 193 0.2182179
458 1122 0.26726127
458 1276 0.18898225
458 1555 0.16903086
458 1953 0.18898225
459 109 0.077849895
459 153 0.16903086
459 1623 0.06819943
459 1681 0.14142135
460 1986 0.061545745
460 1989 0.28867513
460 2532 0.35355338
461 1203 0.20412414
461 2309 0.19245009
462 1048 0.49999997
463 1702 0.13483997
463 1703 0.105409265
463 1964 0.18257418
463 1966 0.12403473
464 403 0.15811388
464 1758 0.16903086
464 2444 0.16903086
464 2445 0.19999999
465 349 0.20412414
465 896 0.28867513
465 1403 0.20412414
465 1869 0.12309149
465 2304 0.18257418
466 970 0.16666666
466 1305 0.23570225
466 1358 0.031403713
466 1738 0.16666666
466 2546 0.18257418
467 1172 0.28867513
467 1701 0.057735022
467 1708 0.18898225
468 647 0.20412414
468 1311 0.2236068
468 1313 0.20412414
469 620 0.25
469 2304 0.2236068
469 2412 0.25
470 652 0.23570225
470 854 0.14433756
470 857 0.16666666
470 1097 0.16666666
470 1115 0.14433756
471 1013 0.08451542
471 2013 0.28867513
471 2394 0.12126782
472 264 0.1490712
472 448 0.1490712
472 559 0.16666667
472 844 0.16666667
472 1182 0.1490712
472 1183 0.12598817
472 1825 0.1490712
472 2029 0.16666667
473 194 0.18257418
473 243 0.18257418
473 1575 0.31622776
473 2647 0.2236068
474 1181 0.49999997
475 2219 0.35355338
476 10 0.23570225
476 306 0.04593152
476 1140 0.28867513
476 1800 0.20412414
476 1986 0.05025189
477 380 0.25
477 930 0.25
477 2569 0.25
478 514 0.20412414
478 1978 0.20412414
478 2024 0.18898225
479 132 0.23570225
479 1880 0.2581989
480 598 0.06482038
480 687 0.094491124
480 1426 0.18898225
480 1710 0.15430336
480 2359 0.10910895
480 2372 0.18898225
481 823 0.18257418
481 1287 0.19999999
481 1810 0.06666667
481 2291 0.14142135
482 218 0.09128709
482 790 0.12909944
482 1807 0.12909944
482 1810 0.047140453
482 1812 0.12909944
482 1814 0.18257418
